pc,depth,opcode,gas,extra
0,1,PUSH1,180523,3,0x60
2,1,PUSH1,180520,3,0x40
4,1,MSTORE,180517,12,0x40: [60 0 0 0]
5,1,CALLDATASIZE,180505,2,
6,1,ISZERO,180503,3,
7,1,PUSH2,180500,3,0x20e
10,1,JUMPI,180497,10,Pos: [20e 0 0 0], Cond: [0 0 0 0]
11,1,PUSH1,180487,3,0xe0
13,1,PUSH1,180484,3,0x2
15,1,EXP,180481,20,
16,1,PUSH1,180461,3,0x0
18,1,CALLDATALOAD,180458,3,baac5300000000000000000000000000308a215459c344798522ad0f8e3b5484
19,1,DIV,180455,5,
20,1,PUSH4,180450,3,0x13cf08b
25,1,DUP2,180447,3,2
26,1,EQ,180444,3,
27,1,PUSH2,180441,3,0x247
30,1,JUMPI,180438,10,Pos: [247 0 0 0], Cond: [0 0 0 0]
31,1,DUP1,180428,3,1
32,1,PUSH4,180425,3,0x95ea7b3
37,1,EQ,180422,3,
38,1,PUSH2,180419,3,0x2d0
41,1,JUMPI,180416,10,Pos: [2d0 0 0 0], Cond: [0 0 0 0]
42,1,DUP1,180406,3,1
43,1,PUSH4,180403,3,0xc3b7b96
48,1,EQ,180400,3,
49,1,PUSH2,180397,3,0x345
52,1,JUMPI,180394,10,Pos: [345 0 0 0], Cond: [0 0 0 0]
53,1,DUP1,180384,3,1
54,1,PUSH4,180381,3,0xe708203
59,1,EQ,180378,3,
60,1,PUSH2,180375,3,0x34e
63,1,JUMPI,180372,10,Pos: [34e 0 0 0], Cond: [0 0 0 0]
64,1,DUP1,180362,3,1
65,1,PUSH4,180359,3,0x149acf9a
70,1,EQ,180356,3,
71,1,PUSH2,180353,3,0x360
74,1,JUMPI,180350,10,Pos: [360 0 0 0], Cond: [0 0 0 0]
75,1,DUP1,180340,3,1
76,1,PUSH4,180337,3,0x18160ddd
81,1,EQ,180334,3,
82,1,PUSH2,180331,3,0x372
85,1,JUMPI,180328,10,Pos: [372 0 0 0], Cond: [0 0 0 0]
86,1,DUP1,180318,3,1
87,1,PUSH4,180315,3,0x1f2dc5ef
92,1,EQ,180312,3,
93,1,PUSH2,180309,3,0x37b
96,1,JUMPI,180306,10,Pos: [37b 0 0 0], Cond: [0 0 0 0]
97,1,DUP1,180296,3,1
98,1,PUSH4,180293,3,0x21b5b8dd
103,1,EQ,180290,3,
104,1,PUSH2,180287,3,0x39b
107,1,JUMPI,180284,10,Pos: [39b 0 0 0], Cond: [0 0 0 0]
108,1,DUP1,180274,3,1
109,1,PUSH4,180271,3,0x237e9492
114,1,EQ,180268,3,
115,1,PUSH2,180265,3,0x3ad
118,1,JUMPI,180262,10,Pos: [3ad 0 0 0], Cond: [0 0 0 0]
119,1,DUP1,180252,3,1
120,1,PUSH4,180249,3,0x23b872dd
125,1,EQ,180246,3,
126,1,PUSH2,180243,3,0x40e
129,1,JUMPI,180240,10,Pos: [40e 0 0 0], Cond: [0 0 0 0]
130,1,DUP1,180230,3,1
131,1,PUSH4,180227,3,0x2632bf20
136,1,EQ,180224,3,
137,1,PUSH2,180221,3,0x441
140,1,JUMPI,180218,10,Pos: [441 0 0 0], Cond: [0 0 0 0]
141,1,DUP1,180208,3,1
142,1,PUSH4,180205,3,0x34145808
147,1,EQ,180202,3,
148,1,PUSH2,180199,3,0x472
151,1,JUMPI,180196,10,Pos: [472 0 0 0], Cond: [0 0 0 0]
152,1,DUP1,180186,3,1
153,1,PUSH4,180183,3,0x39d1f908
158,1,EQ,180180,3,
159,1,PUSH2,180177,3,0x47b
162,1,JUMPI,180174,10,Pos: [47b 0 0 0], Cond: [0 0 0 0]
163,1,DUP1,180164,3,1
164,1,PUSH4,180161,3,0x4b6753bc
169,1,EQ,180158,3,
170,1,PUSH2,180155,3,0x493
173,1,JUMPI,180152,10,Pos: [493 0 0 0], Cond: [0 0 0 0]
174,1,DUP1,180142,3,1
175,1,PUSH4,180139,3,0x4df6d6cc
180,1,EQ,180136,3,
181,1,PUSH2,180133,3,0x49c
184,1,JUMPI,180130,10,Pos: [49c 0 0 0], Cond: [0 0 0 0]
185,1,DUP1,180120,3,1
186,1,PUSH4,180117,3,0x4e10c3ee
191,1,EQ,180114,3,
192,1,PUSH2,180111,3,0x4b7
195,1,JUMPI,180108,10,Pos: [4b7 0 0 0], Cond: [0 0 0 0]
196,1,DUP1,180098,3,1
197,1,PUSH4,180095,3,0x590e1ae3
202,1,EQ,180092,3,
203,1,PUSH2,180089,3,0x4ca
206,1,JUMPI,180086,10,Pos: [4ca 0 0 0], Cond: [0 0 0 0]
207,1,DUP1,180076,3,1
208,1,PUSH4,180073,3,0x612e45a3
213,1,EQ,180070,3,
214,1,PUSH2,180067,3,0x4db
217,1,JUMPI,180064,10,Pos: [4db 0 0 0], Cond: [0 0 0 0]
218,1,DUP1,180054,3,1
219,1,PUSH4,180051,3,0x643f7cdd
224,1,EQ,180048,3,
225,1,PUSH2,180045,3,0x57a
228,1,JUMPI,180042,10,Pos: [57a 0 0 0], Cond: [0 0 0 0]
229,1,DUP1,180032,3,1
230,1,PUSH4,180029,3,0x674ed066
235,1,EQ,180026,3,
236,1,PUSH2,180023,3,0x592
239,1,JUMPI,180020,10,Pos: [592 0 0 0], Cond: [0 0 0 0]
240,1,DUP1,180010,3,1
241,1,PUSH4,180007,3,0x6837ff1e
246,1,EQ,180004,3,
247,1,PUSH2,180001,3,0x59b
250,1,JUMPI,179998,10,Pos: [59b 0 0 0], Cond: [0 0 0 0]
251,1,DUP1,179988,3,1
252,1,PUSH4,179985,3,0x70a08231
257,1,EQ,179982,3,
258,1,PUSH2,179979,3,0x5e5
261,1,JUMPI,179976,10,Pos: [5e5 0 0 0], Cond: [0 0 0 0]
262,1,DUP1,179966,3,1
263,1,PUSH4,179963,3,0x749f9889
268,1,EQ,179960,3,
269,1,PUSH2,179957,3,0x60b
272,1,JUMPI,179954,10,Pos: [60b 0 0 0], Cond: [0 0 0 0]
273,1,DUP1,179944,3,1
274,1,PUSH4,179941,3,0x78524b2e
279,1,EQ,179938,3,
280,1,PUSH2,179935,3,0x624
283,1,JUMPI,179932,10,Pos: [624 0 0 0], Cond: [0 0 0 0]
284,1,DUP1,179922,3,1
285,1,PUSH4,179919,3,0x81f03fcb
290,1,EQ,179916,3,
291,1,PUSH2,179913,3,0x67e
294,1,JUMPI,179910,10,Pos: [67e 0 0 0], Cond: [0 0 0 0]
295,1,DUP1,179900,3,1
296,1,PUSH4,179897,3,0x82661dc4
301,1,EQ,179894,3,
302,1,PUSH2,179891,3,0x696
305,1,JUMPI,179888,10,Pos: [696 0 0 0], Cond: [0 0 0 0]
306,1,DUP1,179878,3,1
307,1,PUSH4,179875,3,0x82bf6464
312,1,EQ,179872,3,
313,1,PUSH2,179869,3,0x6b7
316,1,JUMPI,179866,10,Pos: [6b7 0 0 0], Cond: [0 0 0 0]
317,1,DUP1,179856,3,1
318,1,PUSH4,179853,3,0x8b15a605
323,1,EQ,179850,3,
324,1,PUSH2,179847,3,0x6c9
327,1,JUMPI,179844,10,Pos: [6c9 0 0 0], Cond: [0 0 0 0]
328,1,DUP1,179834,3,1
329,1,PUSH4,179831,3,0x8d7af473
334,1,EQ,179828,3,
335,1,PUSH2,179825,3,0x6d2
338,1,JUMPI,179822,10,Pos: [6d2 0 0 0], Cond: [0 0 0 0]
339,1,DUP1,179812,3,1
340,1,PUSH4,179809,3,0x96d7f3f5
345,1,EQ,179806,3,
346,1,PUSH2,179803,3,0x6e1
349,1,JUMPI,179800,10,Pos: [6e1 0 0 0], Cond: [0 0 0 0]
350,1,DUP1,179790,3,1
351,1,PUSH4,179787,3,0xa1da2fb9
356,1,EQ,179784,3,
357,1,PUSH2,179781,3,0x6ea
360,1,JUMPI,179778,10,Pos: [6ea 0 0 0], Cond: [0 0 0 0]
361,1,DUP1,179768,3,1
362,1,PUSH4,179765,3,0xa3912ec8
367,1,EQ,179762,3,
368,1,PUSH2,179759,3,0x704
371,1,JUMPI,179756,10,Pos: [704 0 0 0], Cond: [0 0 0 0]
372,1,DUP1,179746,3,1
373,1,PUSH4,179743,3,0xa9059cbb
378,1,EQ,179740,3,
379,1,PUSH2,179737,3,0x70f
382,1,JUMPI,179734,10,Pos: [70f 0 0 0], Cond: [0 0 0 0]
383,1,DUP1,179724,3,1
384,1,PUSH4,179721,3,0xb7bc2c84
389,1,EQ,179718,3,
390,1,PUSH2,179715,3,0x73f
393,1,JUMPI,179712,10,Pos: [73f 0 0 0], Cond: [0 0 0 0]
394,1,DUP1,179702,3,1
395,1,PUSH4,179699,3,0xbaac5300
400,1,EQ,179696,3,
401,1,PUSH2,179693,3,0x74b
404,1,JUMPI,179690,10,Pos: [74b 0 0 0], Cond: [1 0 0 0]
1867,1,JUMPDEST,179680,1,
1868,1,PUSH2,179679,3,0x966
1871,1,PUSH1,179676,3,0x4
1873,1,CALLDATALOAD,179673,3,000000000000000000000000308a215459c344798522ad0f8e3b548463d74734
1874,1,JUMPDEST,179670,1,
1875,1,PUSH1,179669,3,0x0
1877,1,PUSH1,179666,3,0x0
1879,1,PUSH1,179663,3,0xf
1881,1,PUSH1,179660,3,0x0
1883,1,POP,179657,2,[0 0 0 0]
1884,1,SLOAD,179655,50,0x57495e10: 0x0000000000000000000000000000000000000000000000000000000057495e10
1885,1,TIMESTAMP,179605,2,
1886,1,LT,179603,3,
1887,1,DUP1,179600,3,1
1888,1,ISZERO,179597,3,
1889,1,PUSH2,179594,3,0x76a
1892,1,JUMPI,179591,10,Pos: [76a 0 0 0], Cond: [0 0 0 0]
1893,1,POP,179581,2,[1 0 0 0]
1894,1,PUSH1,179579,3,0x0
1896,1,CALLVALUE,179576,2,
1897,1,GT,179574,3,
1898,1,JUMPDEST,179571,1,
1899,1,DUP1,179570,3,1
1900,1,ISZERO,179567,3,
1901,1,PUSH2,179564,3,0x7a4
1904,1,JUMPI,179561,10,Pos: [7a4 0 0 0], Cond: [0 0 0 0]
1905,1,POP,179551,2,[1 0 0 0]
1906,1,PUSH1,179549,3,0x11
1908,1,SLOAD,179546,50,0x1: 0x0000000000000000000000000000000000000000000000000000000000000001
1909,1,PUSH2,179496,3,0x100
1912,1,SWAP1,179493,3,2
1913,1,DIV,179490,5,
1914,1,PUSH1,179485,3,0x1
1916,1,PUSH1,179482,3,0xa0
1918,1,PUSH1,179479,3,0x2
1920,1,EXP,179476,20,
1921,1,SUB,179456,3,
1922,1,AND,179453,3,
1923,1,PUSH1,179450,3,0x0
1925,1,EQ,179447,3,
1926,1,DUP1,179444,3,1
1927,1,PUSH2,179441,3,0x7a4
1930,1,JUMPI,179438,10,Pos: [7a4 0 0 0], Cond: [1 0 0 0]
1956,1,JUMPDEST,179428,1,
1957,1,ISZERO,179427,3,
1958,1,PUSH2,179424,3,0xb9f
1961,1,JUMPI,179421,10,Pos: [b9f 0 0 0], Cond: [0 0 0 0]
1962,1,PUSH2,179411,3,0xa9c
1965,1,PUSH2,179408,3,0x37f
1968,1,JUMP,179405,8,895
895,1,JUMPDEST,179397,1,
896,1,PUSH1,179396,3,0x0
898,1,TIMESTAMP,179393,2,
899,1,PUSH3,179391,3,0x127500
903,1,PUSH1,179388,3,0xf
905,1,PUSH1,179385,3,0x0
907,1,POP,179382,2,[0 0 0 0]
908,1,SLOAD,179380,50,0x57495e10: 0x0000000000000000000000000000000000000000000000000000000057495e10
909,1,SUB,179330,3,
910,1,GT,179327,3,
911,1,ISZERO,179324,3,
912,1,PUSH2,179321,3,0xde5
915,1,JUMPI,179318,10,Pos: [de5 0 0 0], Cond: [1 0 0 0]
3557,1,JUMPDEST,179308,1,
3558,1,TIMESTAMP,179307,2,
3559,1,PUSH3,179305,3,0x54600
3563,1,PUSH1,179302,3,0xf
3565,1,PUSH1,179299,3,0x0
3567,1,POP,179296,2,[0 0 0 0]
3568,1,SLOAD,179294,50,0x57495e10: 0x0000000000000000000000000000000000000000000000000000000057495e10
3569,1,SUB,179244,3,
3570,1,GT,179241,3,
3571,1,ISZERO,179238,3,
3572,1,PUSH2,179235,3,0xe13
3575,1,JUMPI,179232,10,Pos: [e13 0 0 0], Cond: [0 0 0 0]
3576,1,PUSH3,179222,3,0x15180
3580,1,PUSH3,179219,3,0x127500
3584,1,PUSH1,179216,3,0xf
3586,1,PUSH1,179213,3,0x0
3588,1,POP,179210,2,[0 0 0 0]
3589,1,SLOAD,179208,50,0x57495e10: 0x0000000000000000000000000000000000000000000000000000000057495e10
3590,1,SUB,179158,3,
3591,1,TIMESTAMP,179155,2,
3592,1,SUB,179153,3,
3593,1,DIV,179150,5,
3594,1,PUSH1,179145,3,0x14
3596,1,ADD,179142,3,
3597,1,SWAP1,179139,3,2
3598,1,POP,179136,2,[0 0 0 0]
3599,1,PUSH2,179134,3,0x983
3602,1,JUMP,179131,8,2435
2435,1,JUMPDEST,179123,1,
2436,1,SWAP1,179122,3,2
2437,1,JUMP,179119,8,2716
2716,1,JUMPDEST,179111,1,
2717,1,PUSH1,179110,3,0x40
2719,1,MLOAD,179107,3,64: 0x60
2720,1,PUSH1,179104,3,0x12
2722,1,SLOAD,179101,50,0x807640a13483f8ac783c557fcdf27be11ea4ac7a: 0x000000000000000000000000807640a13483f8ac783c557fcdf27be11ea4ac7a
2723,1,PUSH1,179051,3,0x14
2725,1,CALLVALUE,179048,2,
2726,1,SWAP1,179046,3,2
2727,1,DUP2,179043,3,2
2728,1,MUL,179040,5,
2729,1,SWAP4,179035,3,5
2730,1,SWAP1,179032,3,2
2731,1,SWAP4,179029,3,5
2732,1,DIV,179026,5,
2733,1,SWAP4,179021,3,5
2734,1,POP,179018,2,[0 0 0 0]
2735,1,PUSH1,179016,3,0x1
2737,1,PUSH1,179013,3,0xa0
2739,1,PUSH1,179010,3,0x2
2741,1,EXP,179007,20,
2742,1,SUB,178987,3,
2743,1,AND,178984,3,
2744,1,SWAP2,178981,3,3
2745,1,DUP4,178978,3,4
2746,1,SWAP1,178975,3,2
2747,1,SUB,178972,3,
2748,1,SWAP1,178969,3,2
2749,1,PUSH1,178966,3,0x0
2751,1,DUP2,178963,3,2
2752,1,DUP2,178960,3,2
2753,1,DUP2,178957,3,2
2754,1,DUP6,178954,3,6
2755,1,DUP8,178951,3,8
2756,1,PUSH2,178948,3,0x8502
2759,1,GAS,178945,2,
2760,1,SUB,178943,3,
0,2,PUSH1,147193,3,0x60
2,2,PUSH1,147190,3,0x40
4,2,MSTORE,147187,12,0x40: [60 0 0 0]
5,2,CALLDATASIZE,147175,2,
6,2,ISZERO,147173,3,
7,2,PUSH2,147170,3,0x40
10,2,JUMPI,147167,10,Pos: [40 0 0 0], Cond: [1 0 0 0]
64,2,JUMPDEST,147157,1,
65,2,PUSH2,147156,3,0xd9
68,2,PUSH1,147153,3,0x1
70,2,DUP1,147150,3,1
71,2,SLOAD,147147,50,0xa4cc8ba2ecd053c8d50: 0x000000000000000000000000000000000000000000000a4cc8ba2ecd053c8d50
72,2,CALLVALUE,147097,2,
73,2,ADD,147095,3,
74,2,SWAP1,147092,3,2
75,2,SSTORE,147089,5000,0x1: 0xa4cc8ef7938acde0d50
76,2,JUMP,142089,8,217
217,2,JUMPDEST,142081,1,
218,2,STOP,142080,0,
2761,1,CALL,178940,153933,ret: [1 0 0 0]
2762,1,POP,167087,2,[1 0 0 0]
2763,1,POP,167085,2,[60 0 0 0]
2764,1,POP,167083,2,[354a6ba7a18000 0 0 0]
2765,1,POP,167081,2,[cdf27be11ea4ac7a 3483f8ac783c557f 807640a1 0]
2766,1,PUSH1,167079,3,0x1
2768,1,PUSH1,167076,3,0xa0
2770,1,PUSH1,167073,3,0x2
2772,1,EXP,167070,20,
2773,1,SUB,167050,3,
2774,1,DUP4,167047,3,4
2775,1,AND,167044,3,
2776,1,PUSH1,167041,3,0x0
2778,1,DUP2,167038,3,2
2779,1,DUP2,167035,3,2
2780,1,MSTORE,167032,3,0x0: [8e3b548463d74734 59c344798522ad0f 308a2154 0]
2781,1,PUSH1,167029,3,0x14
2783,1,PUSH1,167026,3,0x20
2785,1,SWAP1,167023,3,2
2786,1,DUP2,167020,3,2
2787,1,MSTORE,167017,3,0x20: [14 0 0 0]
2788,1,PUSH1,167014,3,0x40
2790,1,DUP1,167011,3,1
2791,1,DUP4,167008,3,4
2792,1,KECCAK256,167005,42,0xb7a3a73be39ae85c37b4f2eb735f480a443d07a5e40fa3d484723b7be5d1f0eb
2793,1,DUP1,166963,3,1
2794,1,SLOAD,166960,50,0xfff4f58ddd05d17: 0x0000000000000000000000000000000000000000000000000fff4f58ddd05d17
2795,1,DUP7,166910,3,7
2796,1,ADD,166907,3,
2797,1,SWAP1,166904,3,2
2798,1,SSTORE,166901,5000,0xb7a3a73be39ae85c37b4f2eb735f480a443d07a5e40fa3d484723b7be5d1f0eb: 0x1109c37323f7dd17
2799,1,PUSH1,161901,3,0x16
2801,1,DUP1,161898,3,1
2802,1,SLOAD,161895,50,0x9157b3baa0c71cfc1fc78: 0x00000000000000000000000000000000000000000009157b3baa0c71cfc1fc78
2803,1,DUP7,161845,3,7
2804,1,ADD,161842,3,
2805,1,SWAP1,161839,3,2
2806,1,SSTORE,161836,5000,0x16: 0x9157b3cb4808c15e97c78
2807,1,PUSH1,156836,3,0x13
2809,1,DUP3,156833,3,3
2810,1,MSTORE,156830,3,0x20: [13 0 0 0]
2811,1,SWAP2,156827,3,3
2812,1,DUP3,156824,3,3
2813,1,SWAP1,156821,3,2
2814,1,KECCAK256,156818,42,0xf7388d4d30595c185ef6e0c536854531a9578f50fc02e0e7c0f4bac2d109d478
2815,1,DUP1,156776,3,1
2816,1,SLOAD,156773,50,0x103caccd13350000: 0x000000000000000000000000000000000000000000000000103caccd13350000
2817,1,CALLVALUE,156723,2,
2818,1,ADD,156721,3,
2819,1,SWAP1,156718,3,2
2820,1,SSTORE,156715,5000,0xf7388d4d30595c185ef6e0c536854531a9578f50fc02e0e7c0f4bac2d109d478: 0x117c6b5300fe0000
2821,1,DUP2,151715,3,2
2822,1,MLOAD,151712,3,64: 0x60
2823,1,DUP5,151709,3,5
2824,1,DUP2,151706,3,2
2825,1,MSTORE,151703,6,0x60: [10a741a46278000 0 0 0]
2826,1,SWAP2,151697,3,3
2827,1,MLOAD,151694,3,64: 0x60
2828,1,PUSH32,151691,3,0xdbccb92686efceafb9bb7e0394df7f58f71b954061b81afb57109bf247d3d75a
2861,1,SWAP3,151688,3,4
2862,1,DUP2,151685,3,2
2863,1,SWAP1,151682,3,2
2864,1,SUB,151679,3,
2865,1,SWAP1,151676,3,2
2866,1,SWAP2,151673,3,3
2867,1,ADD,151670,3,
2868,1,SWAP1,151667,3,2
2869,1,LOG2,151664,1381,
2870,1,PUSH1,150283,3,0x10
2872,1,SLOAD,150280,50,0xa968163f0a57b400000: 0x000000000000000000000000000000000000000000000a968163f0a57b400000
2873,1,PUSH1,150230,3,0x16
2875,1,SLOAD,150227,50,0x9157b3cb4808c15e97c78: 0x00000000000000000000000000000000000000000009157b3cb4808c15e97c78
2876,1,LT,150177,3,
2877,1,DUP1,150174,3,1
2878,1,ISZERO,150171,3,
2879,1,SWAP1,150168,3,2
2880,1,PUSH2,150165,3,0xb4c
2883,1,JUMPI,150162,10,Pos: [b4c 0 0 0], Cond: [0 0 0 0]
2884,1,POP,150152,2,[1 0 0 0]
2885,1,PUSH1,150150,3,0x11
2887,1,SLOAD,150147,50,0x1: 0x0000000000000000000000000000000000000000000000000000000000000001
2888,1,PUSH1,150097,3,0xff
2890,1,AND,150094,3,
2891,1,ISZERO,150091,3,
2892,1,JUMPDEST,150088,1,
2893,1,ISZERO,150087,3,
2894,1,PUSH2,150084,3,0xb94
2897,1,JUMPI,150081,10,Pos: [b94 0 0 0], Cond: [1 0 0 0]
2964,1,JUMPDEST,150071,1,
2965,1,PUSH1,150070,3,0x1
2967,1,SWAP2,150067,3,3
2968,1,POP,150064,2,[0 0 0 0]
2969,1,JUMPDEST,150062,1,
2970,1,POP,150061,2,[10a741a46278000 0 0 0]
2971,1,SWAP2,150059,3,3
2972,1,SWAP1,150056,3,2
2973,1,POP,150053,2,[8e3b548463d74734 59c344798522ad0f 308a2154 0]
2974,1,JUMP,150051,8,2406
2406,1,JUMPDEST,150043,1,
2407,1,PUSH1,150042,3,0x40
2409,1,DUP1,150039,3,1
2410,1,MLOAD,150036,3,64: 0x60
2411,1,SWAP2,150033,3,3
2412,1,DUP3,150030,3,3
2413,1,MSTORE,150027,3,0x60: [1 0 0 0]
2414,1,MLOAD,150024,3,64: 0x60
2415,1,SWAP1,150021,3,2
2416,1,DUP2,150018,3,2
2417,1,SWAP1,150015,3,2
2418,1,SUB,150012,3,
2419,1,PUSH1,150009,3,0x20
2421,1,ADD,150006,3,
2422,1,SWAP1,150003,3,2
2423,1,RETURN,150000,0,0000000000000000000000000000000000000000000000000000000000000001